  
   0.827  2.530  2.191  4.697  6.911  5.781  4.747  3.511  1.334  1.250
   3.191  6.137  9.901 13.868 14.995 16.506 15.793 16.519 12.857 12.845
  10.623 10.006 11.256 10.101  9.613  8.341  8.132  8.708 12.669 13.216
  17.838 15.929 18.578 16.890 14.190 13.722 10.782 12.695 13.815 18.257
  18.324 19.672 15.053 16.796 14.249 19.826 21.675 21.802 20.455 18.140
  18.617 20.674 24.634 23.769 26.912 23.705 25.137 20.496 22.113 21.925
  23.941 24.734 25.317 24.090 24.679 25.829 26.314 29.063 30.165 31.449
  30.436 27.249 24.645 25.513 23.272 24.929 23.982 25.931 25.920 27.006
  27.147 26.160 27.288 29.843 29.295 30.697 31.237 31.763 32.714 34.206
  36.029 33.133 35.765 33.759 37.581 37.468 40.807 36.500 35.224 36.702
