  50.10000 48.15000 47.12780 43.96077 48.64376 48.31291 46.05078 43.71375 51.04841
  46.41028 48.30069 44.94559 49.41139 47.37488 45.70169 42.92768 50.83743 48.87842
  45.44602 43.56687 49.70032 48.37722 46.94190 44.69933 49.36533 48.37977 45.93079
  43.64270 50.44300 47.59462 44.85537 44.43768 49.52698 48.99698 46.29625 44.72021
  50.35674 47.28407 45.92203 44.25426 49.18009 47.31590 46.81920 45.14085 51.31328
  46.98134 44.99786 43.47805 48.98625 49.87165 45.79663 45.01041 49.21215 48.03765
  46.09767 43.97818 51.37083 47.06532 46.82100 43.72958 48.48552 48.49131 45.20053
  44.26529 49.91844 46.46883 44.44070 47.17046 50.84022 47.13395 46.05123 45.19162
  48.68148 46.22717 45.96333 44.97752 49.39802 48.77265 45.88421 44.48556 48.81444
  46.83149 44.67119 44.42402 51.45307 49.25607 44.73082 43.66690 50.49276 47.44059
  45.30782 43.92226 50.77756 47.28824 46.13637 43.78369 50.76989 46.89754 45.62033
  43.06800 51.82582 48.92642 46.91899 43.81999 49.40996 46.62996 47.00702 42.83539
  50.62386 48.19930 45.01286 43.60816 50.68094 49.20469 46.01859 44.15056 49.45388
  47.46322 46.19407 44.70966
