1.5660533 2.8076388 1.1594940 1.7773219 2.7638686 2.4687132 4.9282223 
1.3080075 2.8635518 1.3752273 2.7157393 1.7027765 2.7165244 1.9026348
2.5810081 2.3072265 3.4077249 2.9168038 3.4307822 2.3010000 5.0676413
3.5782997 3.2067334 4.2115594 3.1230729 3.3817994 3.8569910 2.5309647
3.8219056 1.6695631 1.1918234 2.8572759 2.2458763 1.7576262 1.1417448
2.5506573 2.7460833 1.0184409 4.3894136 1.5368423 1.9124706 2.5792184
1.9328790 3.8965681 3.8888111 5.6368414 3.2633320 1.1708769 1.5520167
1.6908643 2.7120550 0.8645868 2.4766142 3.4629629 2.6180391 2.8194712
3.1395997 1.5175855 2.6393928 2.0968169 2.1084667 3.1294909 2.4531910
2.5747346 0.8269924 2.7973347 3.3938496 3.5907336 2.8029917 2.8660818
2.0458026 3.4930097 4.7337104 2.7884084 1.3984735 0.4096972 2.7710431
2.0303601 2.1682215 2.8600832 2.1295547 1.7488918 4.2402980 3.1164202
0.8977757 2.4324624 3.9835147 1.9267799 0.8082800 2.2576544 1.8078843
2.2205322 2.1722683 1.8597321 2.9817493 3.7084528 1.5050709 3.7281159
3.6996544 2.1182200 2.1691973 2.7611229 3.4981337 2.6896110 0.2609191
 1.3160647 2.6670953 3.1426810 1.0403222 3.1393706 2.8631569 3.1795254
 2.6345075 2.2003745 2.6979904 1.5062854 1.9269539 4.2956737 2.2236659
 4.2505939 1.9279094 1.2274861 2.0390041 5.0403055 3.2526103 3.7481971
 2.8519919 2.9694347 2.5416514 2.6043274 3.9124012 2.3855591 3.3801101
 2.6555635 2.2679527 0.2887005 1.4118165 3.0882177 2.0857222 0.9722828
 1.0855301 3.7037347 1.2614514 3.1001377 3.4450865 1.7475297 0.9064037
 3.0865594 1.5240834 3.0978607 2.3221783 1.9675277 1.9713412 2.2934944
 2.3047907 2.5464718 3.4540308 4.3957827 1.2784848 1.4978369 2.5051378
 1.7000531 1.6253814 3.6389156 3.7243390 1.7962953 3.1231690 0.9400840
 1.4376558 4.1908323 2.0469421 3.4423972 0.3288554 1.6670703 2.1959443
 1.8826691 2.6075572 2.7100697 1.2198243 1.5836200 3.2126305 1.9066037
 1.7973656 1.8071939 2.4959951 2.9793622 2.1759736 1.3914705 2.9920069
 4.0510947 5.0639878 3.2886046 4.2773967 1.8840102 1.2617674 2.4359585
 3.7842502 1.8850985 2.3362829 3.9402898




