 503.0 501.3 510.3 506.4 507.1 506.2 507.4 515.7 514.3 518.6 488.5 489.2 493.6
 494.2 493.0 487.6 490.2 491.2 490.5 482.9 479.9 480.1 483.0 480.3 476.6 481.4
 483.8 480.5 481.7 480.9 481.6 477.5 477.5 477.5 475.5 469.7 472.2 471.6 474.7
 480.4 480.0 480.9 477.7 478.9 479.9 482.6 477.6 477.5 479.5 477.7 477.2 475.1
 475.9 475.0 474.9 474.9 470.8 469.0 467.7 468.7 471.7 469.8 471.5 471.0 471.4
 473.3 476.5 475.6 474.1 472.0 472.5 472.4 473.0 469.5 468.3 469.0 468.2 467.4
 465.1 464.8 463.4 467.0 467.0 466.0 464.8 466.2 467.4 467.8 468.6 467.6 469.1
 470.5 470.2 466.4 465.3 467.4 467.2 466.1 464.8 466.1 473.0 470.5 472.8 471.1
 472.7 472.1 472.0 474.4 475.8 482.9 480.2 479.4 479.2 476.1 477.1 477.2 477.4
 476.7 474.4 471.5 473.0 474.2 474.2 476.3 476.2 475.7 477.9 478.4 476.9 477.5
 475.2 475.9 476.4 476.1 476.8 477.2 477.5 474.4 474.8 471.0 471.0 472.6 469.7
 468.7 469.7 469.2 461.2 461.6 462.0 461.7 462.2 463.3 462.4 461.1 462.5 461.6
 462.4 463.0 460.2 461.0 458.3 457.5 459.2 458.4 457.8 454.6 451.8 451.8 451.9
 450.3 452.3 454.1 452.9 448.3 447.1 447.1 447.2
