
21821 25490 25565 27819 26427 26259 24614 25792
26970 28605 28987 27023 25157 29910 29082 31526
29165 29508 25886 27840 29082 29900 30651 28678
27163 31927 30484 33327 31325 31036 28622 30660
31147 31572 34576 31502 30653 35349 34388 35342
35585 34040 32044 35063 34365 35634 37389 35060
34306 38617 37187 40623 38490 36847 35398 37774
37335 39074 39642 37362 35120 41843 39401 43236
41350 40786 38596 40991 40425 41656 42991 38881
36133 44003 41120 45671 43914 43167 40303 42452
42320 43825 44955 41121 37656 46263 44386 47650
45748 44886 42753 44843 45203 45995 47341 43658
41423 49410 46222 50690 48829 48112 45271 48678
49029 50191 51961 48199 45238 52583 50869 56078
54799 53109 50974 53265 54213 56892 58695 54142
50687 61547 57783 63420 60589 59672 57707 59672
59973 63458 65100 60500



